0.0747768,0.102679,0.0859375,0.102679,0.140625,0.116071,0.0859375,0.116071,0.0970982,
0.0279101,0.0460546,0.05736,0.0627936,0.0621491,0.0540828,0.0355584,0.0460546,0.0774639,0.0971544,0.106275,0.104376,0.0893267,0.0569007,0.05736,0.0971544,0.122128,0.133431,0.130457,0.110697,0.0695145,0.0627936,0.106275,0.133431,0.145565,0.142075,0.120288,0.0753038,0.0621491,0.104376,0.130457,0.142075,0.138786,0.117919,0.0743036,0.0540828,0.0893267,0.110697,0.120288,0.117919,0.10119,0.0649289,0.0355584,0.0569007,0.0695145,0.0753038,0.0743036,0.0649289,0.0432066,
0.00897422,0.0157512,0.0211005,0.025378,0.0287676,0.0313674,0.0332222,0.0343377,0.0346842,0.0341958,0.0327633,0.0302189,0.026305,0.0206032,0.01236,0.0157512,0.0282913,0.0383901,0.0465168,0.0529541,0.0578645,0.0613245,0.0633408,0.0638557,0.0627439,0.0598023,0.0547273,0.0470738,0.0361793,0.0210243,0.0211005,0.0383901,0.0525247,0.0639738,0.0730523,0.0799526,0.0847669,0.0874978,0.0880619,0.086286,0.0818948,0.07449,0.0635154,0.0482033,0.0275014,0.025378,0.0465168,0.0639738,0.0781863,0.0894691,0.0980234,0.103945,0.10723,0.107772,0.105363,0.0996766,0.0902541,0.0764818,0.0575604,0.0324774,0.0287676,0.0529541,0.0730523,0.0894691,0.102511,0.112379,0.119168,0.122867,0.123355,0.120394,0.113626,0.102556,0.0865407,0.0647785,0.0363027,0.0313674,0.0578645,0.0799526,0.0980234,0.112379,0.123222,0.130646,0.134637,0.13506,0.131664,0.124065,0.111745,0.0940461,0.0701653,0.0391657,0.0332222,0.0613245,0.0847669,0.103945,0.119168,0.130646,0.138478,0.142648,0.143018,0.139324,0.131167,0.118013,0.0991883,0.0738819,0.0411616,0.0343377,0.0633408,0.0874978,0.10723,0.122867,0.134637,0.142648,0.146892,0.147229,0.143389,0.134965,0.121408,0.102023,0.0759792,0.0423215,0.0346842,0.0638557,0.0880619,0.107772,0.123355,0.13506,0.143018,0.147229,0.147558,0.143738,0.135353,0.121841,0.102483,0.0764131,0.0426236,0.0341958,0.0627439,0.086286,0.105363,0.120394,0.131664,0.139324,0.143389,0.143738,0.140106,0.132079,0.119085,0.100379,0.0750448,0.0419941,0.0327633,0.0598023,0.0818948,0.0996766,0.113626,0.124065,0.131167,0.134965,0.135353,0.132079,0.124741,0.112763,0.0953832,0.0716268,0.0402983,0.0302189,0.0547273,0.07449,0.0902541,0.102556,0.111745,0.118013,0.121408,0.121841,0.119085,0.112763,0.102322,0.086998,0.065771,0.0373183,0.026305,0.0470738,0.0635154,0.0764818,0.0865407,0.0940461,0.0991883,0.102023,0.102483,0.100379,0.0953832,0.086998,0.074506,0.0568871,0.032706,0.0206032,0.0361793,0.0482033,0.0575604,0.0647785,0.0701653,0.0738819,0.0759792,0.0764131,0.0750448,0.0716268,0.065771,0.0568871,0.0440673,0.0258763,0.01236,0.0210243,0.0275014,0.0324774,0.0363027,0.0391657,0.0411616,0.0423215,0.0426236,0.0419941,0.0402983,0.0373183,0.032706,0.0258763,0.0157458,
0.00270688,0.00489496,0.00675723,0.00838434,0.00982578,0.0111118,0.0122624,0.0132916,0.0142094,0.015023,0.0157377,0.0163569,0.0168828,0.0173162,0.0176571,0.017904,0.0180547,0.0181054,0.0180516,0.0178872,0.0176044,0.017194,0.0166443,0.0159408,0.0150653,0.0139945,0.0126974,0.0111313,0.00923321,0.00690173,0.00395336,0.00489496,0.00904763,0.012651,0.0158252,0.0186473,0.0211688,0.0234256,0.0254434,0.0272412,0.0288328,0.030228,0.0314338,0.0324541,0.0332908,0.0339433,0.034409,0.0346833,0.0347591,0.034627,0.0342752,0.0336886,0.0328489,0.0317334,0.030314,0.0285558,0.0264146,0.0238328,0.0207332,0.0170077,0.0124977,0.00695859,0.00675723,0.012651,0.0178447,0.0224586,0.0265793,0.0302698,0.0335764,0.0365335,0.039167,0.0414961,0.0435346,0.0452923,0.0467748,0.0479846,0.0489208,0.0495797,0.049954,0.0500336,0.0498047,0.04925,0.0483475,0.0470707,0.0453868,0.0432559,0.0406289,0.0374443,0.0336244,0.0290687,0.023644,0.0171699,0.0093996,0.00838434,0.0158252,0.0224586,0.0283948,0.0337208,0.0385035,0.0427949,0.046635,0.0500545,0.0530766,0.0557183,0.0579916,0.0599034,0.0614566,0.06265,0.0634784,0.0639325,0.0639991,0.0636604,0.062894,0.0616718,0.05996,0.0577172,0.0548935,0.0514284,0.0472477,0.0422599,0.0363508,0.0293764,0.0211546,0.0114558,0.00982578,0.0186473,0.0265793,0.0337208,0.0401542,0.0459468,0.0511526,0.0558144,0.0599661,0.0636336,0.0668362,0.0695874,0.0718952,0.0737625,0.0751878,0.0761644,0.0766812,0.076722,0.0762655,0.0752847,0.0737463,0.0716102,0.0688279,0.0653416,0.061082,0.0559661,0.049894,0.0427449,0.0343728,0.0246021,0.0132242,0.0111118,0.0211688,0.0302698,0.0385035,0.0459468,0.0526648,0.0587113,0.0641306,0.068958,0.0732211,0.0769408,0.0801314,0.0828015,0.0849542,0.0865872,0.0876928,0.0882578,0.0882637,0.0876859,0.0864934,0.0846486,0.082106,0.0788116,0.0747013,0.0696997,0.0637181,0.0566519,0.0483783,0.0387538,0.027612,0.0147637,0.0122624,0.0234256,0.0335764,0.0427949,0.0511526,0.0587113,0.065524,0.0716349,0.0770798,0.0818873,0.086079,0.0896699,0.0926688,0.0950788,0.0968967,0.0981137,0.0987152,0.0986802,0.0979813,0.0965845,0.0944481,0.0915226,0.0877495,0.0830602,0.077375,0.0706016,0.0626336,0.0533485,0.0426073,0.0302532,0.0161129,0.0132916,0.0254434,0.0365335,0.046635,0.0558144,0.0641306,0.0716349,0.0783707,0.0843742,0.089674,0.0942921,0.098244,0.101538,0.104178,0.106159,0.107472,0.1081,0.108021,0.107205,0.105615,0.103206,0.0999254,0.0957115,0.0904923,0.0841853,0.0766962,0.067918,0.0577303,0.0459986,0.0325748,0.0172985,0.0142094,0.0272412,0.039167,0.0500545,0.0599661,0.068958,0.0770798,0.0843742,0.0908768,0.0966165,0.101615,0.105889,0.109445,0.112287,0.114411,0.115805,0.116453,0.116329,0.115402,0.113632,0.110973,0.10737,0.102756,0.0970591,0.0901941,0.0820657,0.0725674,0.0615809,0.0489762,0.0346125,0.0183396,0.015023,0.0288328,0.0414961,0.0530766,0.0636336,0.0732211,0.0818873,0.089674,0.0966165,0.102743,0.108077,0.112632,0.116418,0.119437,0.121684,0.123147,0.123807,0.123639,0.12261,0.120678,0.117794,0.113901,0.108931,0.10281,0.0954519,0.0867604,0.0766298,0.0649439,0.0515766,0.0363929,0.0192501,0.0157377,0.030228,0.0435346,0.0557183,0.0668362,0.0769408,0.086079,0.0942921,0.101615,0.108077,0.113699,0.118498,0.122481,0.12565,0.128001,0.12952,0.130189,0.12998,0.128859,0.126783,0.123701,0.119554,0.114275,0.107785,0.0999983,0.090819,0.0801418,0.067852,0.0538267,0.037935,0.02004,0.0163569,0.0314338,0.0452923,0.0579916,0.0695874,0.0801314,0.0896699,0.098244,0.105889,0.112632,0.118498,0.1235,0.127647,0.130942,0.133378,0.134944,0.135617,0.135372,0.134171,0.131971,0.12872,0.124358,0.118814,0.112011,0.103862,0.0942699,0.08313,0.070329,0.0557459,0.0392528,0.0207165,0.0168828,0.0324541,0.0467748,0.0599034,0.0718952,0.0828015,0.0926688,0.101538,0.109445,0.116418,0.122481,0.127647,0.131927,0.135323,0.137827,0.139428,0.140104,0.139826,0.138559,0.136257,0.132867,0.128328,0.122568,0.115509,0.107063,0.0971323,0.0856126,0.0723909,0.0573472,0.0403555,0.0212845,0.0173162,0.0332908,0.0479846,0.0614566,0.0737625,0.0849542,0.0950788,0.104178,0.112287,0.119437,0.12565,0.130942,0.135323,0.138793,0.141348,0.142975,0.143651,0.143348,0.142029,0.139648,0.13615,0.131474,0.125547,0.118289,0.109612,0.099417,0.0875998,0.0740469,0.0586384,0.0412485,0.0217468,0.0176571,0.0339433,0.0489208,0.06265,0.0751878,0.0865872,0.0968967,0.106159,0.114411,0.121684,0.128001,0.133378,0.137827,0.141348,0.143937,0.14558,0.146255,0.145933,0.144577,0.14214,0.138567,0.133795,0.12775,0.120352,0.111511,0.101127,0.0890951,0.0753003,0.0596221,0.0419338,0.0221045,0.017904,0.034409,0.0495797,0.0634784,0.0761644,0.0876928,0.0981137,0.107472,0.115805,0.123147,0.12952,0.134944,0.139428,0.142975,0.14558,0.147229,0.147903,0.14757,0.146192,0.143724,0.140108,0.135282,0.129171,0.121692,0.112754,0.102258,0.0900947,0.0761484,0.0602965,0.0424104,0.022357,0.0180547,0.0346833,0.049954,0.0639325,0.0766812,0.0882578,0.0987152,0.1081,0.116453,0.123807,0.130189,0.135617,0.140104,0.143651,0.146255,0.147903,0.148573,0.148236,0.146854,0.144379,0.140755,0.135918,0.129792,0.122293,0.113329,0.102798,0.0905885,0.0765829,0.0606552,0.0426738,0.0225021,0.0181054,0.0347591,0.0500336,0.0639991,0.076722,0.0882637,0.0986802,0.108021,0.116329,0.123639,0.12998,0.135372,0.139826,0.143348,0.145933,0.14757,0.148236,0.147903,0.146533,0.144077,0.14048,0.135676,0.129588,0.122132,0.113213,0.102726,0.0905593,0.0765895,0.0606874,0.0427168,0.022536,0.0180516,0.034627,0.0498047,0.0636604,0.0762655,0.0876859,0.0979813,0.107205,0.115402,0.12261,0.128859,0.134171,0.138559,0.142029,0.144577,0.146192,0.146854,0.146533,0.145191,0.142781,0.139246,0.134519,0.128525,0.121176,0.112375,0.102017,0.0899829,0.076148,0.0603772,0.0425284,0.0224534,0.0178872,0.0342752,0.04925,0.062894,0.0752847,0.0864934,0.0965845,0.105615,0.113632,0.120678,0.126783,0.131971,0.136257,0.139648,0.14214,0.143724,0.144379,0.144077,0.142781,0.140442,0.137006,0.132403,0.126558,0.119382,0.110777,0.100632,0.0888272,0.0752314,0.0597036,0.0420942,0.0222468,0.0176044,0.0336886,0.0483475,0.0616718,0.0737463,0.0846486,0.0944481,0.103206,0.110973,0.117794,0.123701,0.12872,0.132867,0.13615,0.138567,0.140108,0.140755,0.14048,0.139246,0.137006,0.133703,0.129271,0.123633,0.116698,0.108367,0.0985268,0.0870518,0.0738055,0.0586396,0.0413956,0.0219068,0.017194,0.0328489,0.0470707,0.05996,0.0716102,0.082106,0.0915226,0.0999254,0.10737,0.113901,0.119554,0.124358,0.128328,0.131474,0.133795,0.135282,0.135918,0.135676,0.134519,0.132403,0.129271,0.125058,0.119684,0.113062,0.105087,0.0956453,0.0846064,0.0718273,0.0571512,0.040409,0.0214211,0.0166443,0.0317334,0.0453868,0.0577172,0.0688279,0.0788116,0.0877495,0.0957115,0.102756,0.108931,0.114275,0.118814,0.122568,0.125547,0.12775,0.129171,0.129792,0.129588,0.128525,0.126558,0.123633,0.119684,0.114636,0.108396,0.100864,0.0919193,0.0814292,0.0692436,0.055196,0.0391047,0.0207745,0.0159408,0.030314,0.0432559,0.0548935,0.0653416,0.0747013,0.0830602,0.0904923,0.0970591,0.10281,0.107785,0.112011,0.115509,0.118289,0.120352,0.121692,0.122293,0.122132,0.121176,0.119382,0.116698,0.113062,0.108396,0.102614,0.0956106,0.0872669,0.0774452,0.0659888,0.052721,0.0374453,0.0199476,0.0150653,0.0285558,0.0406289,0.0514284,0.061082,0.0696997,0.077375,0.0841853,0.0901941,0.0954519,0.0999983,0.103862,0.107063,0.109612,0.111511,0.112754,0.113329,0.113213,0.112375,0.110777,0.108367,0.105087,0.100864,0.0956106,0.0892259,0.0815901,0.072563,0.061982,0.0496598,0.0353834,0.0189157,0.0139945,0.0264146,0.0374443,0.0472477,0.0559661,0.0637181,0.0706016,0.0766962,0.0820657,0.0867604,0.090819,0.0942699,0.0971323,0.099417,0.101127,0.102258,0.102798,0.102726,0.102017,0.100632,0.0985268,0.0956453,0.0919193,0.0872669,0.0815901,0.0747715,0.0666712,0.0571225,0.0459283,0.0328578,0.0176463,0.0126974,0.0238328,0.0336244,0.0422599,0.049894,0.0566519,0.0626336,0.067918,0.0725674,0.0766298,0.0801418,0.08313,0.0856126,0.0875998,0.0890951,0.0900947,0.0905885,0.0905593,0.0899829,0.0888272,0.0870518,0.0846064,0.0814292,0.0774452,0.072563,0.0666712,0.0596337,0.051284,0.041418,0.0297875,0.0160958,0.0111313,0.0207332,0.0290687,0.0363508,0.0427449,0.0483783,0.0533485,0.0577303,0.0615809,0.0649439,0.067852,0.070329,0.0723909,0.0740469,0.0753003,0.0761484,0.0765829,0.0765895,0.076148,0.0752314,0.0738055,0.0718273,0.0692436,0.0659888,0.061982,0.0571225,0.051284,0.0443067,0.0359866,0.0260625,0.0142027,0.00923321,0.0170077,0.023644,0.0293764,0.0343728,0.0387538,0.0426073,0.0459986,0.0489762,0.0515766,0.0538267,0.0557459,0.0573472,0.0586384,0.0596221,0.0602965,0.0606552,0.0606874,0.0603772,0.0597036,0.0586396,0.0571512,0.055196,0.052721,0.0496598,0.0459283,0.041418,0.0359866,0.0294432,0.0215266,0.0118756,0.00690173,0.0124977,0.0171699,0.0211546,0.0246021,0.027612,0.0302532,0.0325748,0.0346125,0.0363929,0.037935,0.0392528,0.0403555,0.0412485,0.0419338,0.0424104,0.0426738,0.0427168,0.0425284,0.0420942,0.0413956,0.040409,0.0391047,0.0374453,0.0353834,0.0328578,0.0297875,0.0260625,0.0215266,0.0159479,0.00896535,0.00395336,0.00695859,0.0093996,0.0114558,0.0132242,0.0147637,0.0161129,0.0172985,0.0183396,0.0192501,0.02004,0.0207165,0.0212845,0.0217468,0.0221045,0.022357,0.0225021,0.022536,0.0224534,0.0222468,0.0219068,0.0214211,0.0207745,0.0199476,0.0189157,0.0176463,0.0160958,0.0142027,0.0118756,0.00896535,0.00519984,
0.000788386,0.00145089,0.00203576,0.00256569,0.00305311,0.00350566,0.00392849,0.00432528,0.00469878,0.00505113,0.00538402,0.00569884,0.00599673,0.00627863,0.00654534,0.00679754,0.00703582,0.00726065,0.00747245,0.00767159,0.00785834,0.00803296,0.00819565,0.00834655,0.00848578,0.00861342,0.0087295,0.00883403,0.00892698,0.00900828,0.00907783,0.00913551,0.00918114,0.00921452,0.00923542,0.00924355,0.0092386,0.00922022,0.009188,0.00914149,0.0090802,0.00900355,0.00891094,0.00880167,0.00867498,0.00853001,0.00836581,0.00818131,0.00797531,0.00774644,0.00749315,0.00721363,0.00690582,0.00656725,0.00619501,0.00578552,0.00533438,0.00483591,0.00428262,0.00366409,0.00296486,0.00215997,0.0012039,0.00145089,0.00272382,0.00386705,0.00491068,0.00587405,0.0067702,0.00760837,0.00839538,0.00913643,0.00983561,0.0104962,0.0111209,0.0117119,0.0122711,0.0128,0.0133,0.0137723,0.0142177,0.0146371,0.0150313,0.0154008,0.015746,0.0160674,0.0163653,0.0166398,0.0168913,0.0171196,0.0173249,0.017507,0.0176659,0.0178013,0.017913,0.0180007,0.0180639,0.0181021,0.0181149,0.0181015,0.0180614,0.0179936,0.0178972,0.0177714,0.0176149,0.0174265,0.017205,0.0169486,0.0166558,0.0163247,0.0159531,0.0155386,0.0150786,0.01457,0.0140092,0.0133923,0.0127142,0.0119695,0.0111511,0.0102507,0.00925744,0.00815747,0.00693203,0.00555474,0.00398667,0.00216734,0.00203576,0.00386705,0.00553474,0.00706891,0.00849136,0.00981806,0.0110609,0.0122291,0.0133298,0.0143688,0.0153506,0.0162791,0.0171575,0.0179886,0.0187746,0.0195175,0.0202189,0.0208803,0.0215029,0.0220877,0.0226355,0.0231471,0.0236231,0.024064,0.0244699,0.0248412,0.025178,0.0254803,0.0257479,0.0259808,0.0261785,0.0263408,0.026467,0.0265567,0.026609,0.0266233,0.0265984,0.0265334,0.0264271,0.0262781,0.026085,0.0258461,0.0255596,0.0252234,0.0248353,0.0243927,0.0238929,0.0233328,0.0227088,0.0220169,0.0212527,0.020411,0.0194858,0.0184702,0.017356,0.0161334,0.0147906,0.0133127,0.011681,0.00987115,0.00785095,0.00557633,0.00298671,0.00256569,0.00491068,0.00706891,0.009068,0.0109298,0.0126713,0.0143059,0.0158443,0.0172951,0.0186653,0.0199606,0.021186,0.0223453,0.0234422,0.0244795,0.0254598,0.0263852,0.0272575,0.0280783,0.0288491,0.0295708,0.0302444,0.0308708,0.0314504,0.0319837,0.0324709,0.0329123,0.0333079,0.0336574,0.0339607,0.0342174,0.0344269,0.0345885,0.0347015,0.034765,0.0347778,0.0347387,0.0346462,0.034499,0.034295,0.0340325,0.0337092,0.0333227,0.0328703,0.0323491,0.0317558,0.0310867,0.0303377,0.0295043,0.0285812,0.0275627,0.0264422,0.0252119,0.0238631,0.0223855,0.0207668,0.0189925,0.0170448,0.0149019,0.0125362,0.00991328,0.00698889,0.00370725,0.00305311,0.00587405,0.00849136,0.0109298,0.01321,0.015349,0.017361,0.0192572,0.0210473,0.0227391,0.0243394,0.0258536,0.0272867,0.0286426,0.0299249,0.0311365,0.0322802,0.0333581,0.034372,0.0353238,0.0362146,0.0370457,0.037818,0.0385321,0.0391887,0.039788,0.0403302,0.0408153,0.0412432,0.0416135,0.0419258,0.0421793,0.0423733,0.0425068,0.0425787,0.0425874,0.0425317,0.0424096,0.0422193,0.0419585,0.0416249,0.0412158,0.0407282,0.0401588,0.039504,0.0387598,0.0379216,0.0369846,0.0359431,0.0347909,0.0335209,0.0321253,0.030595,0.0289195,0.0270868,0.0250829,0.0228911,0.0204917,0.017861,0.0149703,0.011785,0.00826278,0.0043537,0.00350566,0.0067702,0.00981806,0.0126713,0.015349,0.0178679,0.0202418,0.0224825,0.0246002,0.0266032,0.0284989,0.0302935,0.0319923,0.0335999,0.0351204,0.036557,0.0379129,0.0391906,0.0403923,0.0415199,0.0425749,0.0435587,0.0444724,0.0453167,0.0460923,0.0467996,0.0474388,0.0480099,0.0485126,0.0489467,0.0493114,0.049606,0.0498296,0.0499809,0.0500586,0.0500612,0.0499866,0.049833,0.049598,0.049279,0.0488733,0.0483775,0.0477883,0.0471017,0.0463135,0.045419,0.044413,0.0432896,0.0420424,0.0406643,0.039147,0.0374816,0.0356578,0.0336639,0.0314864,0.0291099,0.0265165,0.0236853,0.0205917,0.0172071,0.0134975,0.00942384,0.00494122,0.00392849,0.00760837,0.0110609,0.0143059,0.017361,0.0202418,0.022962,0.0255334,0.0279663,0.0302695,0.0324506,0.0345164,0.0364725,0.0383241,0.0400754,0.0417303,0.043292,0.0447635,0.0461472,0.0474452,0.0486593,0.0497909,0.0508413,0.0518114,0.0527019,0.0535133,0.0542456,0.054899,0.0554732,0.0559677,0.0563818,0.0567147,0.0569651,0.0571319,0.0572133,0.0572075,0.0571125,0.0569259,0.0566449,0.0562668,0.0557881,0.0552054,0.0545146,0.0537113,0.0527906,0.0517473,0.0505753,0.0492683,0.0478188,0.046219,0.0444597,0.042531,0.0404216,0.0381188,0.0356081,0.0328732,0.0298953,0.026653,0.0231216,0.0192728,0.0150745,0.0104903,0.00547998,0.00432528,0.00839538,0.0122291,0.0158443,0.0192572,0.0224825,0.0255334,0.0284214,0.0311569,0.0337487,0.0362049,0.0385323,0.0407369,0.0428242,0.0447988,0.0466648,0.0484257,0.0500847,0.0516444,0.0531073,0.0544751,0.0557496,0.056932,0.0580234,0.0590245,0.0599358,0.0607575,0.0614897,0.0621319,0.0626837,0.0631444,0.0635128,0.0637877,0.0639677,0.0640508,0.064035,0.063918,0.0636972,0.0633694,0.0629315,0.0623799,0.0617103,0.0609185,0.0599995,0.0589479,0.0577578,0.0564227,0.0549354,0.0532879,0.0514715,0.0494764,0.0472919,0.0449058,0.0423047,0.0394734,0.036395,0.0330503,0.0294177,0.0254728,0.0211883,0.0165338,0.0114756,0.00597723,0.00469878,0.00913643,0.0133298,0.0172951,0.0210473,0.0246002,0.0279663,0.0311569,0.0341821,0.0370509,0.0397713,0.0423504,0.0447944,0.047109,0.0492989,0.0513686,0.0533218,0.0551618,0.0568915,0.0585134,0.0600295,0.0614417,0.0627513,0.0639594,0.0650668,0.0660741,0.0669814,0.0677887,0.0684958,0.0691019,0.0696062,0.0700077,0.0703048,0.0704959,0.070579,0.0705517,0.0704116,0.0701557,0.0697807,0.0692829,0.0686584,0.0679027,0.0670109,0.0659778,0.0647974,0.0634633,0.0619683,0.0603049,0.0584643,0.0564373,0.0542134,0.0517812,0.0491281,0.0462401,0.0431014,0.0396948,0.0360011,0.0319987,0.0276639,0.0229704,0.0178894,0.0123899,0.00643835,0.00505113,0.00983561,0.0143688,0.0186653,0.0227391,0.0266032,0.0302695,0.0337487,0.0370509,0.0401849,0.0431586,0.0459793,0.0486534,0.0511864,0.0535836,0.0558494,0.0579877,0.060002,0.0618954,0.0636705,0.0653294,0.066874,0.0683058,0.069626,0.0708355,0.0719346,0.0729238,0.0738028,0.0745714,0.0752289,0.0757743,0.0762063,0.0765235,0.0767239,0.0768055,0.0767656,0.0766014,0.0763099,0.0758874,0.0753299,0.0746332,0.0737924,0.0728023,0.0716571,0.0703504,0.0688755,0.0672248,0.0653899,0.0633618,0.0611307,0.0586856,0.0560147,0.0531048,0.0499416,0.046509,0.0427898,0.0387646,0.0344124,0.0297101,0.0246325,0.0191525,0.0132411,0.00686751,0.00538402,0.0104962,0.0153506,0.0199606,0.0243394,0.0284989,0.0324506,0.0362049,0.0397713,0.0431586,0.0463748,0.0494269,0.0523214,0.0550641,0.0576602,0.0601143,0.0624305,0.0646123,0.0666629,0.0685851,0.0703811,0.0720529,0.073602,0.0750297,0.0763367,0.0775238,0.078591,0.0795383,0.0803653,0.0810712,0.0816551,0.0821155,0.0824508,0.0826589,0.0827376,0.082684,0.0824953,0.0821678,0.0816979,0.0810813,0.0803134,0.0793889,0.0783024,0.0770476,0.0756179,0.0740059,0.0722037,0.0702026,0.0679932,0.065565,0.0629069,0.0600065,0.0568504,0.053424,0.0497113,0.0456948,0.0413554,0.0366727,0.0316242,0.0261859,0.0203321,0.0140356,0.00726801,0.00569884,0.0111209,0.0162791,0.021186,0.0258536,0.0302935,0.0345164,0.0385323,0.0423504,0.0459793,0.0494269,0.0527001,0.0558055,0.0587489,0.0615355,0.06417,0.0666566,0.068999,0.0712003,0.0732635,0.0751909,0.0769844,0.0786458,0.0801762,0.0815765,0.0828474,0.083989,0.0850012,0.0858835,0.0866351,0.087255,0.0877416,0.0880932,0.0883076,0.0883822,0.0883143,0.0881005,0.0877372,0.0872203,0.0865454,0.0857075,0.0847012,0.0835206,0.0821591,0.0806098,0.0788649,0.0769162,0.0747546,0.0723702,0.0697525,0.0668897,0.0637695,0.0603781,0.0567007,0.0527214,0.0484228,0.0437862,0.0387914,0.033417,0.0276398,0.0214355,0.0147786,0.00764252,0.00599673,0.0117119,0.0171575,0.0223453,0.0272867,0.0319923,0.0364725,0.0407369,0.0447944,0.0486534,0.0523214,0.0558055,0.0591122,0.0622472,0.0652158,0.0680227,0.0706722,0.0731681,0.0755135,0.0777115,0.0797644,0.0816743,0.0834428,0.0850713,0.0865606,0.0879113,0.0891235,0.0901972,0.0911318,0.0919265,0.09258,0.0930908,0.093457,0.0936763,0.093746,0.0936631,0.0934241,0.0930252,0.0924621,0.09173,0.0908238,0.0897378,0.0884656,0.0870007,0.0853356,0.0834624,0.0813723,0.0790562,0.0765038,0.0737042,0.0706457,0.0673154,0.0636996,0.0597835,0.0555511,0.0509853,0.0460677,0.0407787,0.0350975,0.0290019,0.022469,0.0154744,0.00799322,0.00627863,0.0122711,0.0179886,0.0234422,0.0286426,0.0335999,0.0383241,0.0428242,0.047109,0.0511864,0.0550641,0.0587489,0.0622472,0.0655647,0.0687067,0.0716781,0.0744829,0.0771251,0.079608,0.0819345,0.0841071,0.0861279,0.0879985,0.0897203,0.0912941,0.0927206,0.0939999,0.0951317,0.0961157,0.0969508,0.0976357,0.0981689,0.0985482,0.0987712,0.0988352,0.098737,0.0984729,0.0980388,0.0974303,0.0966425,0.0956698,0.0945064,0.0931458,0.0915809,0.0898042,0.0878074,0.0855816,0.0831172,0.0804039,0.0774305,0.0741851,0.0706547,0.0668255,0.0626828,0.0582106,0.0533922,0.0482094,0.0426432,0.0366735,0.030279,0.0234376,0.0161265,0.00832194,0.00654534,0.0128,0.0187746,0.0244795,0.0299249,0.0351204,0.0400754,0.0447988,0.0492989,0.0535836,0.0576602,0.0615355,0.0652158,0.0687067,0.0720136,0.0751413,0.0780939,0.0808753,0.0834889,0.0859376,0.088224,0.0903501,0.0923177,0.0941281,0.0957821,0.0972804,0.0986231,0.0998099,0.10084,0.101713,0.102427,0.102981,0.103372,0.103598,0.103656,0.103542,0.103253,0.102784,0.102132,0.10129,0.100253,0.0990145,0.0975685,0.0959076,0.0940237,0.0919084,0.0895526,0.0869466,0.0840797,0.0809406,0.0775173,0.0737968,0.0697653,0.065408,0.0607092,0.0556522,0.0502195,0.0443925,0.0381516,0.0314764,0.0243458,0.0167379,0.00863019,0.00679754,0.0133,0.0195175,0.0254598,0.0311365,0.036557,0.0417303,0.0466648,0.0513686,0.0558494,0.0601143,0.06417,0.0680227,0.0716781,0.0751413,0.0784171,0.0815098,0.0844232,0.0871608,0.0897254,0.0921197,0.0943457,0.0964051,0.0982993,0.100029,0.101595,0.102998,0.104236,0.10531,0.106219,0.10696,0.107533,0.107934,0.108162,0.108213,0.108083,0.10777,0.107268,0.106572,0.105678,0.104579,0.103269,0.101741,0.0999879,0.0980015,0.0957731,0.0932933,0.0905523,0.0875393,0.0842428,0.0806508,0.0767503,0.0725273,0.0679673,0.0630546,0.0577731,0.0521052,0.046033,0.0395376,0.0325991,0.0251973,0.0173111,0.00891928,0.00703582,0.0137723,0.0202189,0.0263852,0.0322802,0.0379129,0.043292,0.0484257,0.0533218,0.0579877,0.0624305,0.0666566,0.0706722,0.0744829,0.0780939,0.0815098,0.084735,0.0877732,0.090628,0.0933022,0.0957983,0.0981186,0.100265,0.102238,0.104039,0.105669,0.107128,0.108415,0.10953,0.110471,0.111238,0.111828,0.112239,0.112467,0.112511,0.112366,0.112029,0.111494,0.110757,0.109813,0.108654,0.107276,0.10567,0.103829,0.101744,0.0994084,0.0968108,0.0939417,0.0907902,0.0873448,0.0835932,0.0795226,0.075119,0.070368,0.0652541,0.0597613,0.0538727,0.0475704,0.0408363,0.033651,0.0259951,0.0178484,0.00919029,0.00726065,0.0142177,0.0208803,0.0272575,0.0333581,0.0391906,0.0447635,0.0500847,0.0551618,0.060002,0.0646123,0.068999,0.0731681,0.0771251,0.0808753,0.0844232,0.0877732,0.0909291,0.0938942,0.0966716,0.0992638,0.101673,0.103901,0.105948,0.107817,0.109507,0.111018,0.112351,0.113504,0.114476,0.115266,0.115871,0.11629,0.116519,0.116556,0.116396,0.116035,0.115469,0.114693,0.1137,0.112485,0.11104,0.10936,0.107436,0.105259,0.102821,0.100112,0.0971214,0.0938391,0.0902531,0.0863512,0.0821204,0.077547,0.0726165,0.0673138,0.0616229,0.0555273,0.0490096,0.0420519,0.0346358,0.0267422,0.0183516,0.00944418,0.00747245,0.0146371,0.0215029,0.0280783,0.034372,0.0403923,0.0461472,0.0516444,0.0568915,0.0618954,0.0666629,0.0712003,0.0755135,0.079608,0.0834889,0.0871608,0.090628,0.0938942,0.096963,0.0998371,0.102519,0.105012,0.107316,0.109433,0.111365,0.113111,0.114671,0.116046,0.117234,0.118235,0.119046,0.119666,0.120092,0.120322,0.120351,0.120176,0.119793,0.119197,0.118382,0.117344,0.116075,0.114568,0.112818,0.110814,0.10855,0.106016,0.103202,0.100097,0.0966919,0.0929738,0.0889307,0.0845497,0.079817,0.0747185,0.0692389,0.0633628,0.0570736,0.0503546,0.0431882,0.0355564,0.0274407,0.0188222,0.00968173,0.00767159,0.0150313,0.0220877,0.0288491,0.0353238,0.0415199,0.0474452,0.0531073,0.0585134,0.0636705,0.0685851,0.0732635,0.0777115,0.0819345,0.0859376,0.0897254,0.0933022,0.0966716,0.0998371,0.102802,0.105568,0.108138,0.110514,0.112696,0.114686,0.116484,0.11809,0.119505,0.120726,0.121753,0.122584,0.123217,0.123649,0.123878,0.1239,0.123711,0.123306,0.122681,0.121831,0.120749,0.119429,0.117864,0.116047,0.11397,0.111623,0.108998,0.106086,0.102874,0.0993538,0.0955121,0.091337,0.0868156,0.0819343,0.0766788,0.0710343,0.0649853,0.0585158,0.0516092,0.0442482,0.0364154,0.0280926,0.0192616,0.00990363,0.00785834,0.0154008,0.0226355,0.0295708,0.0362146,0.0425749,0.0486593,0.0544751,0.0600295,0.0653294,0.0703811,0.0751909,0.0797644,0.0841071,0.088224,0.0921197,0.0957983,0.0992638,0.102519,0.105568,0.108412,0.111055,0.113496,0.115739,0.117783,0.11963,0.121278,0.122729,0.12398,0.125031,0.12588,0.126525,0.126963,0.127191,0.127206,0.127003,0.126578,0.125926,0.125042,0.123919,0.122551,0.120932,0.119053,0.116906,0.114482,0.111773,0.108768,0.105458,0.10183,0.0978727,0.0935747,0.0889226,0.083903,0.0785017,0.0727039,0.0664944,0.0598573,0.0527764,0.0452347,0.037215,0.0286997,0.0196709,0.0101105,0.00803296,0.015746,0.0231471,0.0302444,0.0370457,0.0435587,0.0497909,0.0557496,0.0614417,0.066874,0.0720529,0.0769844,0.0816743,0.0861279,0.0903501,0.0943457,0.0981186,0.101673,0.105012,0.108138,0.111055,0.113764,0.116266,0.118565,0.120659,0.12255,0.124237,0.125721,0.127,0.128073,0.128939,0.129594,0.130037,0.130264,0.130271,0.130055,0.129611,0.128934,0.128018,0.126857,0.125445,0.123774,0.121838,0.119626,0.117131,0.114344,0.111254,0.10785,0.104123,0.100059,0.0956476,0.0908747,0.085727,0.0801907,0.0742511,0.0678931,0.061101,0.0538588,0.0461498,0.0379571,0.0292634,0.0200512,0.0103027,0.00819565,0.0160674,0.0236231,0.0308708,0.037818,0.0444724,0.0508413,0.056932,0.0627513,0.0683058,0.073602,0.0786458,0.0834428,0.0879985,0.0923177,0.0964051,0.100265,0.103901,0.107316,0.110514,0.113496,0.116266,0.118825,0.121174,0.123314,0.125246,0.126969,0.128483,0.129787,0.13088,0.131761,0.132425,0.132872,0.133098,0.133098,0.13287,0.132408,0.131708,0.130762,0.129566,0.128113,0.126395,0.124405,0.122134,0.119573,0.116714,0.113545,0.110056,0.106237,0.102076,0.0975591,0.0926749,0.0874095,0.081749,0.075679,0.0691843,0.0622494,0.0548586,0.0469954,0.0386432,0.0297848,0.0204032,0.0104808,0.00834655,0.0163653,0.024064,0.0314504,0.0385321,0.0453167,0.0518114,0.0580234,0.0639594,0.069626,0.0750297,0.0801762,0.0850713,0.0897203,0.0941281,0.0982993,0.102238,0.105948,0.109433,0.112696,0.115739,0.118565,0.121174,0.12357,0.125751,0.12772,0.129475,0.131016,0.132343,0.133454,0.134348,0.135021,0.135471,0.135695,0.13569,0.13545,0.134971,0.134249,0.133277,0.132048,0.130557,0.128796,0.126757,0.124431,0.121811,0.118885,0.115644,0.112078,0.108175,0.103924,0.0993119,0.094326,0.088953,0.0831791,0.0769897,0.07037,0.0633046,0.0557777,0.0477732,0.0392746,0.030265,0.0207276,0.010645,0.00848578,0.0166398,0.0244699,0.0319837,0.0391887,0.0460923,0.0527019,0.0590245,0.0650668,0.0708355,0.0763367,0.0815765,0.0865606,0.0912941,0.0957821,0.100029,0.104039,0.107817,0.111365,0.114686,0.117783,0.120659,0.123314,0.125751,0.12797,0.129972,0.131756,0.133322,0.134669,0.135796,0.136701,0.137381,0.137834,0.138057,0.138045,0.137795,0.137301,0.136559,0.135562,0.134305,0.132779,0.130979,0.128896,0.126521,0.123846,0.12086,0.117555,0.113918,0.109939,0.105607,0.100908,0.0958301,0.0903597,0.0844829,0.0781853,0.0714521,0.064268,0.0566174,0.0484843,0.0398523,0.0307047,0.0210249,0.0107957,0.00861342,0.0168913,0.0248412,0.0324709,0.039788,0.0467996,0.0535133,0.0599358,0.0660741,0.0719346,0.0775238,0.0828474,0.0879113,0.0927206,0.0972804,0.101595,0.105669,0.109507,0.113111,0.116484,0.11963,0.12255,0.125246,0.12772,0.129972,0.132002,0.133812,0.1354,0.136765,0.137906,0.138821,0.139507,0.139963,0.140184,0.140167,0.139907,0.1394,0.13864,0.137621,0.136337,0.134781,0.132945,0.130822,0.128403,0.125679,0.122641,0.119277,0.115577,0.111531,0.107126,0.102349,0.0971889,0.0916311,0.0856619,0.0792671,0.0724319,0.065141,0.057379,0.0491297,0.0403771,0.0311046,0.0212955,0.010933,0.0087295,0.0171196,0.025178,0.0329123,0.0403302,0.0474388,0.0542456,0.0607575,0.0669814,0.0729238,0.078591,0.083989,0.0891235,0.0939999,0.0986231,0.102998,0.107128,0.111018,0.114671,0.11809,0.121278,0.124237,0.126969,0.129475,0.131756,0.133812,0.135643,0.13725,0.13863,0.139784,0.140707,0.141399,0.141857,0.142076,0.142054,0.141786,0.141266,0.14049,0.139452,0.138145,0.136562,0.134695,0.132538,0.13008,0.127313,0.124227,0.120812,0.117057,0.112951,0.108482,0.103637,0.0984034,0.0927682,0.0867173,0.0802363,0.0733104,0.0659245,0.0580631,0.0497102,0.0408496,0.031465,0.0215398,0.0110571,0.00883403,0.0173249,0.0254803,0.0333079,0.0408153,0.0480099,0.054899,0.0614897,0.0677887,0.0738028,0.0795383,0.0850012,0.0901972,0.0951317,0.0998099,0.104236,0.108415,0.112351,0.116046,0.119505,0.122729,0.125721,0.128483,0.131016,0.133322,0.1354,0.13725,0.138872,0.140266,0.141429,0.14236,0.143057,0.143516,0.143734,0.143707,0.143431,0.142901,0.142111,0.141056,0.139729,0.138123,0.13623,0.134042,0.131551,0.128747,0.12562,0.122161,0.118358,0.1142,0.109675,0.104771,0.0994743,0.0937718,0.0876496,0.0810933,0.0740882,0.066619,0.0586702,0.050226,0.0412701,0.0317863,0.0217578,0.011168,0.00892698,0.017507,0.0257479,0.0336574,0.0412432,0.0485126,0.0554732,0.0621319,0.0684958,0.0745714,0.0803653,0.0858835,0.0911318,0.0961157,0.10084,0.10531,0.10953,0.113504,0.117234,0.120726,0.12398,0.127,0.129787,0.132343,0.134669,0.136765,0.13863,0.140266,0.14167,0.142842,0.143779,0.144479,0.144939,0.145155,0.145125,0.144842,0.144303,0.143502,0.142433,0.141089,0.139463,0.137548,0.135335,0.132815,0.12998,0.12682,0.123323,0.11948,0.115278,0.110707,0.105752,0.100402,0.094642,0.0884591,0.0818385,0.0747655,0.0672247,0.0592007,0.0506774,0.0416389,0.0320685,0.0219498,0.0112659,0.00900828,0.0176659,0.0259808,0.0339607,0.0416135,0.0489467,0.0559677,0.0626837,0.0691019,0.0752289,0.0810712,0.0866351,0.0919265,0.0969508,0.101713,0.106219,0.110471,0.114476,0.118235,0.121753,0.125031,0.128073,0.13088,0.133454,0.135796,0.137906,0.139784,0.141429,0.142842,0.14402,0.144961,0.145663,0.146124,0.146339,0.146305,0.146018,0.145472,0.144661,0.143581,0.142223,0.140581,0.138648,0.136415,0.133873,0.131013,0.127825,0.124298,0.120422,0.116185,0.111575,0.10658,0.101185,0.0953785,0.0891454,0.0824716,0.075342,0.0677415,0.0596543,0.0510644,0.0419557,0.0323116,0.0221156,0.0113507,0.00907783,0.0178013,0.0261785,0.0342174,0.0419258,0.0493114,0.0563818,0.0631444,0.0696062,0.0757743,0.0816551,0.087255,0.09258,0.0976357,0.102427,0.10696,0.111238,0.115266,0.119046,0.122584,0.12588,0.128939,0.131761,0.134348,0.136701,0.138821,0.140707,0.14236,0.143779,0.144961,0.145905,0.14661,0.14707,0.147285,0.147248,0.146956,0.146405,0.145587,0.144498,0.14313,0.141477,0.13953,0.137281,0.134722,0.131843,0.128634,0.125085,0.121184,0.11692,0.11228,0.107253,0.101824,0.0959805,0.089708,0.082992,0.0758174,0.0681689,0.0600306,0.0513866,0.0422204,0.0325155,0.0222551,0.0114223,0.00913551,0.017913,0.0263408,0.0344269,0.0421793,0.049606,0.0567147,0.0635128,0.0700077,0.0762063,0.0821155,0.0877416,0.0930908,0.0981689,0.102981,0.107533,0.111828,0.115871,0.119666,0.123217,0.126525,0.129594,0.132425,0.135021,0.137381,0.139507,0.141399,0.143057,0.144479,0.145663,0.14661,0.147314,0.147775,0.147988,0.14795,0.147655,0.1471,0.146277,0.145182,0.143808,0.142147,0.140191,0.137932,0.135361,0.13247,0.129246,0.125681,0.121763,0.11748,0.11282,0.10777,0.102317,0.096447,0.0901458,0.0833988,0.0761908,0.0685062,0.0603291,0.0516434,0.0424326,0.0326798,0.0223682,0.0114807,0.00918114,0.0180007,0.026467,0.0345885,0.0423733,0.0498296,0.0569651,0.0637877,0.0703048,0.0765235,0.0824508,0.0880932,0.093457,0.0985482,0.103372,0.107934,0.112239,0.11629,0.120092,0.123649,0.126963,0.130037,0.132872,0.135471,0.137834,0.139963,0.141857,0.143516,0.144939,0.146124,0.14707,0.147775,0.148235,0.148448,0.148408,0.148112,0.147554,0.146729,0.145631,0.144253,0.142588,0.140628,0.138364,0.135788,0.132889,0.129659,0.126085,0.122158,0.117864,0.113193,0.10813,0.102662,0.0967762,0.0904573,0.0836906,0.0764608,0.0687522,0.0605488,0.0518342,0.0425915,0.032804,0.0224545,0.0115256,0.00921452,0.0180639,0.0265567,0.0347015,0.0425068,0.0499809,0.0571319,0.0639677,0.0704959,0.0767239,0.0826589,0.0883076,0.0936763,0.0987712,0.103598,0.108162,0.112467,0.116519,0.120322,0.123878,0.127191,0.130264,0.133098,0.135695,0.138057,0.140184,0.142076,0.143734,0.145155,0.146339,0.147285,0.147988,0.148448,0.148659,0.148619,0.148322,0.147765,0.14694,0.145842,0.144464,0.142799,0.140838,0.138575,0.135998,0.1331,0.129868,0.126294,0.122365,0.11807,0.113396,0.108329,0.102858,0.0969661,0.0906405,0.0838656,0.076626,0.0689057,0.0606885,0.0519577,0.0426965,0.0328875,0.0225135,0.0115569,0.00923542,0.0181021,0.026609,0.034765,0.0425787,0.0500586,0.0572133,0.0640508,0.070579,0.0768055,0.0827376,0.0883822,0.093746,0.0988352,0.103656,0.108213,0.112511,0.116556,0.120351,0.1239,0.127206,0.130271,0.133098,0.13569,0.138045,0.140167,0.142054,0.143707,0.145125,0.146305,0.147248,0.14795,0.148408,0.148619,0.148579,0.148283,0.147727,0.146904,0.145809,0.144435,0.142774,0.140818,0.13856,0.135989,0.133097,0.129872,0.126304,0.122382,0.118094,0.113426,0.108366,0.1029,0.0970142,0.0906931,0.0839217,0.0766844,0.0689649,0.0607467,0.0520129,0.0427464,0.0329296,0.0225449,0.0115743,0.00924355,0.0181149,0.0266233,0.0347778,0.0425874,0.0500612,0.0572075,0.064035,0.0705517,0.0767656,0.082684,0.0883143,0.0936631,0.098737,0.103542,0.108083,0.112366,0.116396,0.120176,0.123711,0.127003,0.130055,0.13287,0.13545,0.137795,0.139907,0.141786,0.143431,0.144842,0.146018,0.146956,0.147655,0.148112,0.148322,0.148283,0.14799,0.147437,0.146619,0.14553,0.144162,0.14251,0.140564,0.138316,0.135757,0.132877,0.129666,0.126112,0.122205,0.117932,0.113281,0.108237,0.102787,0.0969175,0.0906124,0.0838564,0.0766336,0.0689276,0.0607215,0.0519982,0.04274,0.0329293,0.0225478,0.0115775,0.0092386,0.0181015,0.0265984,0.0347387,0.0425317,0.0499866,0.0571125,0.063918,0.0704116,0.0766014,0.0824953,0.0881005,0.0934241,0.0984729,0.103253,0.10777,0.112029,0.116035,0.119793,0.123306,0.126578,0.129611,0.132408,0.134971,0.137301,0.1394,0.141266,0.142901,0.144303,0.145472,0.146405,0.1471,0.147554,0.147765,0.147727,0.147437,0.146889,0.146078,0.144998,0.143641,0.142001,0.140069,0.137837,0.135296,0.132435,0.129244,0.125713,0.121829,0.117581,0.112955,0.107937,0.102515,0.0966725,0.090395,0.0836665,0.0764709,0.0687914,0.0606109,0.0519117,0.0426759,0.0328854,0.0225217,0.0115662,0.00922022,0.0180614,0.0265334,0.0346462,0.0424096,0.049833,0.0569259,0.0636972,0.0701557,0.0763099,0.0821678,0.0877372,0.0930252,0.0980388,0.102784,0.107268,0.111494,0.115469,0.119197,0.122681,0.125926,0.128934,0.131708,0.134249,0.136559,0.13864,0.14049,0.142111,0.143502,0.144661,0.145587,0.146277,0.146729,0.14694,0.146904,0.146619,0.146078,0.145277,0.144208,0.142866,0.141242,0.139329,0.137119,0.134601,0.131766,0.128603,0.125102,0.12125,0.117035,0.112444,0.107463,0.102079,0.0962751,0.0900372,0.0833487,0.0761933,0.0685536,0.0604123,0.0517514,0.0425524,0.0327968,0.0224656,0.0115398,0.009188,0.0179936,0.0264271,0.034499,0.0422193,0.049598,0.0566449,0.0633694,0.0697807,0.0758874,0.0816979,0.0872203,0.0924621,0.0974303,0.102132,0.106572,0.110757,0.114693,0.118382,0.121831,0.125042,0.128018,0.130762,0.133277,0.135562,0.137621,0.139452,0.141056,0.142433,0.143581,0.144498,0.145182,0.145631,0.145842,0.145809,0.14553,0.144998,0.144208,0.143155,0.14183,0.140227,0.138338,0.136154,0.133666,0.130863,0.127736,0.124272,0.120461,0.116289,0.111743,0.10681,0.101474,0.0957209,0.0895348,0.0828991,0.075797,0.068211,0.0601231,0.0515149,0.0423676,0.0326619,0.0223786,0.0114979,0.00914149,0.0178972,0.0262781,0.034295,0.0419585,0.049279,0.0562668,0.0629315,0.0692829,0.0753299,0.0810813,0.0865454,0.09173,0.0966425,0.10129,0.105678,0.109813,0.1137,0.117344,0.120749,0.123919,0.126857,0.129566,0.132048,0.134305,0.136337,0.138145,0.139729,0.141089,0.142223,0.14313,0.143808,0.144253,0.144464,0.144435,0.144162,0.143641,0.142866,0.14183,0.140527,0.138949,0.137089,0.134937,0.132484,0.129721,0.126636,0.123219,0.119457,0.115337,0.110846,0.105971,0.100695,0.0950047,0.0888829,0.0823132,0.0752781,0.0677599,0.05974,0.0511996,0.0421192,0.0324792,0.0222596,0.01144,0.0090802,0.0177714,0.026085,0.0340325,0.0416249,0.0488733,0.0557881,0.0623799,0.0686584,0.0746332,0.0803134,0.0857075,0.0908238,0.0956698,0.100253,0.104579,0.108654,0.112485,0.116075,0.119429,0.122551,0.125445,0.128113,0.130557,0.132779,0.134781,0.136562,0.138123,0.139463,0.140581,0.141477,0.142147,0.142588,0.142799,0.142774,0.14251,0.142001,0.141242,0.140227,0.138949,0.137401,0.135574,0.13346,0.131049,0.128332,0.125297,0.121934,0.11823,0.114172,0.109747,0.10494,0.0997366,0.0941209,0.0880764,0.081586,0.0746321,0.0671963,0.0592595,0.0508023,0.0418049,0.0322467,0.0221072,0.0113653,0.00900355,0.0176149,0.0258461,0.0337092,0.0412158,0.0483775,0.0552054,0.0617103,0.0679027,0.0737924,0.0793889,0.0847012,0.0897378,0.0945064,0.0990145,0.103269,0.107276,0.11104,0.114568,0.117864,0.120932,0.123774,0.126395,0.128796,0.130979,0.132945,0.134695,0.13623,0.137548,0.138648,0.13953,0.140191,0.140628,0.140838,0.140818,0.140564,0.140069,0.139329,0.138338,0.137089,0.135574,0.133785,0.131715,0.129352,0.126688,0.123711,0.120411,0.116774,0.112787,0.108438,0.103711,0.0985915,0.0930631,0.0871091,0.0807121,0.0738539,0.0665155,0.0586775,0.0503198,0.0414218,0.0319624,0.0219201,0.0112733,0.00891094,0.0174265,0.0255596,0.0333227,0.0407282,0.0477883,0.0545146,0.0609185,0.0670109,0.0728023,0.0783024,0.0835206,0.0884656,0.0931458,0.0975685,0.101741,0.10567,0.10936,0.112818,0.116047,0.119053,0.121838,0.124405,0.126757,0.128896,0.130822,0.132538,0.134042,0.135335,0.136415,0.137281,0.137932,0.138364,0.138575,0.13856,0.138316,0.137837,0.137119,0.136154,0.134937,0.13346,0.131715,0.129693,0.127385,0.124781,0.121869,0.11864,0.115079,0.111174,0.106911,0.102276,0.0972523,0.0918243,0.0859746,0.0796853,0.0729378,0.0657126,0.0579897,0.0497482,0.0409669,0.0316238,0.0216967,0.0111631,0.00880167,0.017205,0.0252234,0.0328703,0.0401588,0.0471017,0.0537113,0.0599995,0.0659778,0.0716571,0.0770476,0.0821591,0.0870007,0.0915809,0.0959076,0.0999879,0.103829,0.107436,0.110814,0.11397,0.116906,0.119626,0.122134,0.124431,0.126521,0.128403,0.13008,0.131551,0.132815,0.133873,0.134722,0.135361,0.135788,0.135998,0.135989,0.135757,0.135296,0.134601,0.133666,0.132484,0.131049,0.129352,0.127385,0.125138,0.1226,0.119762,0.116612,0.113137,0.109324,0.105158,0.100626,0.0957112,0.0903967,0.0846654,0.0784987,0.0718776,0.0647819,0.057191,0.0490833,0.0404366,0.0312284,0.0214352,0.0110337,0.00867498,0.0169486,0.0248353,0.0323491,0.039504,0.0463135,0.0527906,0.0589479,0.0647974,0.0703504,0.0756179,0.0806098,0.0853356,0.0898042,0.0940237,0.0980015,0.101744,0.105259,0.10855,0.111623,0.114482,0.117131,0.119573,0.121811,0.123846,0.125679,0.127313,0.128747,0.12998,0.131013,0.131843,0.13247,0.132889,0.1331,0.133097,0.132877,0.132435,0.131766,0.130863,0.129721,0.128332,0.126688,0.124781,0.1226,0.120137,0.11738,0.114318,0.110938,0.107227,0.10317,0.0987528,0.0939591,0.088772,0.0831735,0.0771448,0.0706662,0.0637171,0.0562758,0.0483202,0.0398272,0.0307731,0.0211336,0.0108843,0.00853001,0.0166558,0.0243927,0.0317558,0.0387598,0.045419,0.0517473,0.0577578,0.0634633,0.0688755,0.0740059,0.0788649,0.0834624,0.0878074,0.0919084,0.0957731,0.0994084,0.102821,0.106016,0.108998,0.111773,0.114344,0.116714,0.118885,0.12086,0.122641,0.124227,0.12562,0.12682,0.127825,0.128634,0.129246,0.129659,0.129868,0.129872,0.129666,0.129244,0.128603,0.127736,0.126636,0.125297,0.123711,0.121869,0.119762,0.11738,0.114712,0.111747,0.108471,0.104872,0.100935,0.0966455,0.0919863,0.0869406,0.08149,0.0756152,0.069296,0.062511,0.055238,0.0474537,0.0391341,0.0302546,0.0207897,0.0107135,0.00836581,0.0163247,0.0238929,0.0310867,0.0379216,0.044413,0.0505753,0.0564227,0.0619683,0.0672248,0.0722037,0.0769162,0.0813723,0.0855816,0.0895526,0.0932933,0.0968108,0.100112,0.103202,0.106086,0.108768,0.111254,0.113545,0.115644,0.117555,0.119277,0.120812,0.122161,0.123323,0.124298,0.125085,0.125681,0.126085,0.126294,0.126304,0.126112,0.125713,0.125102,0.124272,0.123219,0.121934,0.120411,0.11864